<svg version="1.1" id="Layer_1" xmlns="http://www.w3.org/2000/svg" xmlns:xlink="http://www.w3.org/1999/xlink" x="0px" y="0px"
	 width="100%" viewBox="0 0 224 59" enable-background="new 0 0 224 59" xml:space="preserve">
<path fill="#003E63" opacity="1.000000" stroke="none" 
	d="
M111.000000,1.000001 
	C118.020950,1.000000 125.041901,1.000000 132.524719,1.353482 
	C137.218857,4.886994 141.451141,8.067025 145.341507,10.990140 
	C148.087860,8.711772 150.705994,6.573449 153.283478,4.387174 
	C154.560913,3.303623 155.763535,2.131857 157.000000,1.000000 
	C162.022095,1.000000 167.044189,1.000000 172.541656,1.356066 
	C177.505325,5.290843 181.993622,8.869554 186.768478,12.676764 
	C187.820465,8.875496 188.910233,4.937749 190.000000,1.000001 
	C196.687637,1.000000 203.375290,1.000000 210.525879,1.354644 
	C217.920654,7.392599 219.572922,11.845193 217.262161,17.461479 
	C216.182587,20.085379 215.965088,23.062708 214.895966,25.692478 
	C213.609833,28.856047 212.544327,32.867165 210.056046,34.557190 
	C207.853226,36.053337 203.831009,34.870724 200.357132,34.870724 
	C200.687698,33.175026 201.065521,32.346401 200.953552,31.590311 
	C200.684708,29.775053 200.667313,26.825758 199.687973,26.422203 
	C196.964081,25.299746 194.430481,25.874340 193.192596,29.517681 
	C190.959152,36.091034 183.416885,37.294861 178.564941,32.004791 
	C166.927429,36.995167 155.860626,37.332989 146.478912,27.294176 
	C139.342896,33.719452 136.427032,34.990452 128.609299,34.979992 
	C123.166443,34.972710 117.699425,34.505531 112.288147,34.884933 
	C107.356125,35.230736 103.059883,34.518970 99.466499,30.962332 
	C97.976540,29.487606 96.469765,28.029865 94.915428,26.510427 
	C90.345428,35.520676 90.327713,35.681641 82.695816,34.841518 
	C81.172707,34.673851 79.842140,32.757015 78.954185,32.062416 
	C73.341980,33.041950 67.647316,35.141258 62.168713,34.679123 
	C56.762726,34.223114 51.575348,31.175522 46.027817,29.169340 
	C43.813831,33.637234 38.652561,34.845139 33.200714,34.827751 
	C25.579679,34.803455 17.962313,34.211018 10.339382,34.028061 
	C3.515691,33.864288 3.248059,33.330563 5.510653,26.919588 
	C8.535573,18.348593 11.187752,9.646050 14.000000,1.000000 
	C21.354250,1.000000 28.708502,1.000000 36.519436,1.349251 
	C41.373695,5.179563 44.923130,8.984144 41.295498,15.451507 
	C44.820442,11.739595 47.587166,8.338499 50.508152,5.075498 
	C51.849342,3.577270 53.493324,2.350092 55.000000,1.000001 
	C60.688042,1.000000 66.376083,1.000000 72.537086,1.354166 
	C77.333755,5.417799 81.657471,9.127266 86.416298,13.210037 
	C87.253098,9.255497 88.126556,5.127749 89.000000,1.000001 
	C93.024544,1.000000 97.049088,1.000000 101.463165,1.404487 
	C102.383316,5.985345 102.790962,10.223885 108.006279,13.263640 
	C109.099594,8.784938 110.049797,4.892469 111.000000,1.000001 
M125.389557,24.993870 
	C126.222542,24.987171 127.226631,25.280550 127.858116,24.920477 
	C130.258209,23.551939 134.026596,22.306787 134.459457,20.380808 
	C134.927185,18.299736 132.803436,14.232630 130.785965,13.335933 
	C127.980408,12.088959 122.869492,11.618078 121.185883,13.282958 
	C118.608009,15.832156 118.111191,20.485832 116.456329,24.994778 
	C119.885017,24.994778 122.191322,24.994778 125.389557,24.993870 
M60.886688,12.183105 
	C57.697952,14.522633 54.573780,16.942036 57.332855,21.488743 
	C59.385155,24.870745 64.588966,26.066900 68.394379,24.181486 
	C72.061287,22.364693 72.560936,19.138287 71.618446,15.746705 
	C70.668282,12.327512 66.093925,10.802825 60.886688,12.183105 
M170.162018,13.135698 
	C167.927383,12.797052 165.651733,12.016002 163.467270,12.218559 
	C159.752594,12.563009 156.136871,16.669403 157.456131,19.204420 
	C158.671707,21.540150 161.054947,23.846231 163.468781,24.834892 
	C166.526840,26.087423 170.069748,25.638861 171.911911,22.002905 
	C173.427597,19.011389 173.871964,16.030832 170.162018,13.135698 
M199.049469,13.293255 
	C197.466446,15.936593 198.604034,16.897442 201.286865,16.967047 
	C204.271988,17.044495 207.033371,16.914728 206.319977,11.970733 
	C203.934143,12.198106 201.710251,12.410046 199.049469,13.293255 
M30.139698,24.761736 
	C30.663977,24.131231 31.188255,23.500729 32.201328,22.282394 
	C27.464565,22.327866 23.414597,20.892681 19.817720,23.121094 
	C19.840160,23.714931 19.862598,24.308769 19.885038,24.902607 
	C23.059025,24.902607 26.233011,24.902607 30.139698,24.761736 
z"/>
<path fill="#000000" opacity="1.000000" stroke="none" 
	d="
M13.523338,1.000000 
	C11.187752,9.646050 8.535573,18.348593 5.510653,26.919588 
	C3.248059,33.330563 3.515691,33.864288 10.339382,34.028061 
	C17.962313,34.211018 25.579679,34.803455 33.200714,34.827751 
	C38.652561,34.845139 43.813831,33.637234 46.027817,29.169340 
	C51.575348,31.175522 56.762726,34.223114 62.168713,34.679123 
	C67.647316,35.141258 73.341980,33.041950 78.954185,32.062416 
	C79.842140,32.757015 81.172707,34.673851 82.695816,34.841518 
	C90.327713,35.681641 90.345428,35.520676 94.915428,26.510427 
	C96.469765,28.029865 97.976540,29.487606 99.466499,30.962332 
	C103.059883,34.518970 107.356125,35.230736 112.288147,34.884933 
	C117.699425,34.505531 123.166443,34.972710 128.609299,34.979992 
	C136.427032,34.990452 139.342896,33.719452 146.478912,27.294176 
	C155.860626,37.332989 166.927429,36.995167 178.564941,32.004791 
	C183.416885,37.294861 190.959152,36.091034 193.192596,29.517681 
	C194.430481,25.874340 196.964081,25.299746 199.687973,26.422203 
	C200.667313,26.825758 200.684708,29.775053 200.953552,31.590311 
	C201.065521,32.346401 200.687698,33.175026 200.357132,34.870724 
	C203.831009,34.870724 207.853226,36.053337 210.056046,34.557190 
	C212.544327,32.867165 213.609833,28.856047 214.895966,25.692478 
	C215.965088,23.062708 216.182587,20.085379 217.262161,17.461479 
	C219.572922,11.845193 217.920654,7.392599 210.994415,1.354644 
	C213.700012,1.000000 216.400024,1.000000 219.593567,1.344770 
	C219.749573,3.406940 219.412064,5.124341 219.074554,6.841742 
	C221.049713,7.227828 223.024857,7.613913 225.000000,8.000000 
	C225.000000,25.289391 225.000000,42.578781 225.000000,60.000000 
	C184.979202,60.000000 144.958252,60.000000 104.467690,59.643883 
	C106.392693,57.884903 108.661346,56.177639 111.201500,55.126400 
	C135.779770,44.954632 161.722122,42.049862 187.985519,41.033077 
	C193.972153,40.801304 199.977020,41.072632 205.969574,40.938084 
	C207.447769,40.904896 208.910629,40.188622 210.380539,39.786362 
	C210.270935,39.190910 210.161331,38.595455 210.051743,38.000000 
	C140.367828,38.000000 70.683914,38.000000 1.000000,38.000000 
	C1.000000,25.779617 1.000000,13.559234 1.000000,1.000000 
	C5.009205,1.000000 9.027941,1.000000 13.523338,1.000000 
z"/>
<path fill="#003E64" opacity="1.000000" stroke="none" 
	d="
M1.000000,38.375000 
	C70.683914,38.000000 140.367828,38.000000 210.051743,38.000000 
	C210.161331,38.595455 210.270935,39.190910 210.380539,39.786362 
	C208.910629,40.188622 207.447769,40.904896 205.969574,40.938084 
	C199.977020,41.072632 193.972153,40.801304 187.985519,41.033077 
	C161.722122,42.049862 135.779770,44.954632 111.201500,55.126400 
	C108.661346,56.177639 106.392693,57.884903 103.999031,59.643883 
	C101.958336,60.000000 99.916664,60.000000 97.465614,59.642128 
	C95.671974,58.181015 94.451622,56.650158 92.875984,56.046238 
	C84.691345,52.909214 76.562508,49.486176 68.143982,47.127144 
	C46.182533,40.973133 23.614147,40.518833 1.000000,41.000000 
	C1.000000,40.250000 1.000000,39.500000 1.000000,38.375000 
z"/>
<path fill="#000000" opacity="1.000000" stroke="none" 
	d="
M1.000000,41.469376 
	C23.614147,40.518833 46.182533,40.973133 68.143982,47.127144 
	C76.562508,49.486176 84.691345,52.909214 92.875984,56.046238 
	C94.451622,56.650158 95.671974,58.181015 97.028114,59.642128 
	C65.122612,60.000000 33.245232,60.000000 1.000000,60.000000 
	C1.000000,53.984577 1.000000,47.961666 1.000000,41.469376 
z"/>
<path fill="#000000" opacity="1.000000" stroke="none" 
	d="
M156.531372,1.000000 
	C155.763535,2.131857 154.560913,3.303623 153.283478,4.387174 
	C150.705994,6.573449 148.087860,8.711772 145.341507,10.990140 
	C141.451141,8.067025 137.218857,4.886994 132.993286,1.353482 
	C140.687576,1.000000 148.375168,1.000000 156.531372,1.000000 
z"/>
<path fill="#000000" opacity="1.000000" stroke="none" 
	d="
M189.532394,1.000001 
	C188.910233,4.937749 187.820465,8.875496 186.768478,12.676764 
	C181.993622,8.869554 177.505325,5.290843 173.008514,1.356066 
	C178.354935,1.000000 183.709854,1.000000 189.532394,1.000001 
z"/>
<path fill="#000000" opacity="1.000000" stroke="none" 
	d="
M54.532059,1.000001 
	C53.493324,2.350092 51.849342,3.577270 50.508152,5.075498 
	C47.587166,8.338499 44.820442,11.739595 41.295498,15.451507 
	C44.923130,8.984144 41.373695,5.179563 36.988060,1.349251 
	C42.688042,1.000000 48.376080,1.000000 54.532059,1.000001 
z"/>
<path fill="#000000" opacity="1.000000" stroke="none" 
	d="
M88.533142,1.000001 
	C88.126556,5.127749 87.253098,9.255497 86.416298,13.210037 
	C81.657471,9.127266 77.333755,5.417799 73.005020,1.354166 
	C78.022095,1.000000 83.044182,1.000000 88.533142,1.000001 
z"/>
<path fill="#000000" opacity="1.000000" stroke="none" 
	d="
M110.550026,1.000001 
	C110.049797,4.892469 109.099594,8.784938 108.006279,13.263640 
	C102.790962,10.223885 102.383316,5.985345 101.926346,1.404487 
	C104.700012,1.000000 107.400032,1.000000 110.550026,1.000001 
z"/>
<path fill="#003E62" opacity="1.000000" stroke="none" 
	d="
M225.000000,7.502095 
	C223.024857,7.613913 221.049713,7.227828 219.074554,6.841742 
	C219.412064,5.124341 219.749573,3.406940 220.043549,1.344770 
	C221.594803,1.000000 223.189621,1.000000 225.000000,1.000000 
	C225.000000,2.999218 225.000000,5.001704 225.000000,7.502095 
z"/>
<path fill="#000000" opacity="1.000000" stroke="none" 
	d="
M124.943588,24.994324 
	C122.191322,24.994778 119.885017,24.994778 116.456329,24.994778 
	C118.111191,20.485832 118.608009,15.832156 121.185883,13.282958 
	C122.869492,11.618078 127.980408,12.088959 130.785965,13.335933 
	C132.803436,14.232630 134.927185,18.299736 134.459457,20.380808 
	C134.026596,22.306787 130.258209,23.551939 127.858116,24.920477 
	C127.226631,25.280550 126.222542,24.987171 124.943588,24.994324 
z"/>
<path fill="#000000" opacity="1.000000" stroke="none" 
	d="
M61.253906,12.092066 
	C66.093925,10.802825 70.668282,12.327512 71.618446,15.746705 
	C72.560936,19.138287 72.061287,22.364693 68.394379,24.181486 
	C64.588966,26.066900 59.385155,24.870745 57.332855,21.488743 
	C54.573780,16.942036 57.697952,14.522633 61.253906,12.092066 
z"/>
<path fill="#000000" opacity="1.000000" stroke="none" 
	d="
M170.506683,13.342628 
	C173.871964,16.030832 173.427597,19.011389 171.911911,22.002905 
	C170.069748,25.638861 166.526840,26.087423 163.468781,24.834892 
	C161.054947,23.846231 158.671707,21.540150 157.456131,19.204420 
	C156.136871,16.669403 159.752594,12.563009 163.467270,12.218559 
	C165.651733,12.016002 167.927383,12.797052 170.506683,13.342628 
z"/>
<path fill="#000000" opacity="1.000000" stroke="none" 
	d="
M199.267914,12.957621 
	C201.710251,12.410046 203.934143,12.198106 206.319977,11.970733 
	C207.033371,16.914728 204.271988,17.044495 201.286865,16.967047 
	C198.604034,16.897442 197.466446,15.936593 199.267914,12.957621 
z"/>
<path fill="#000000" opacity="1.000000" stroke="none" 
	d="
M29.773348,24.832172 
	C26.233011,24.902607 23.059025,24.902607 19.885038,24.902607 
	C19.862598,24.308769 19.840160,23.714931 19.817720,23.121094 
	C23.414597,20.892681 27.464565,22.327866 32.201328,22.282394 
	C31.188255,23.500729 30.663977,24.131231 29.773348,24.832172 
z"/>
</svg>